0.0 0.0029931068420410156 0.007380485534667969 0.0009996891021728516 0.0009989738464355469 0.000997781753540039 0.0 0.0 
0.0010030269622802734 0.002046823501586914 0.014905452728271484 0.0009987354278564453 0.000995635986328125 0.0 0.0 0.0 
0.0019931793212890625 0.0029981136322021484 0.0035843849182128906 0.0010371208190917969 0.0 0.0009937286376953125 0.0009958744049072266 0.0010035037994384766 
0.004019260406494141 0.003989696502685547 0.01100921630859375 0.0009975433349609375 0.0010280609130859375 0.0 0.0010294914245605469 0.002034902572631836 
0.0059816837310791016 0.0060155391693115234 0.004987955093383789 0.0 0.0 0.0 0.0 0.009972810745239258 
0.010197162628173828 0.010973691940307617 0.006982326507568359 0.003991127014160156 0.013403892517089844 0.0010042190551757812 0.013403892517089844 0.008007049560546875 
0.015958547592163086 0.02792525291442871 0.020941734313964844 0.004606008529663086 0.01819896697998047 0.0009932518005371094 0.01819896697998047 0.019946575164794922 
0.017934799194335938 0.029919147491455078 0.005984306335449219 0.010593891143798828 0.027640342712402344 0.0010218620300292969 0.027889728546142578 0.01994490623474121 
0.07236838340759277 0.06492066383361816 0.02992391586303711 0.005069255828857422 0.017617464065551758 0.0049896240234375 0.01994156837463379 0.08577561378479004 
0.10650968551635742 0.16955256462097168 0.04255032539367676 0.0049915313720703125 0.019947052001953125 0.007979154586791992 0.018126964569091797 0.09061574935913086 
0.17351245880126953 0.27127838134765625 0.08473968505859375 0.006312847137451172 0.02074146270751953 0.004027605056762695 0.01695704460144043 0.20349812507629395 
0.28774499893188477 0.5900914669036865 0.05285835266113281 0.0010023117065429688 0.029920101165771484 0.003989458084106445 0.02593064308166504 0.19248414039611816 